1090728331441360936
1090790031427379271
1090795350706638908
824119071556763668
1091260932337979402
1091184935882195016
1091263205109673984
1091231940968984586
1091254599060566056
1091252918319058954
1091182584278560899
1091235805365796885
1091270657725190174
1091234410109612112
1091036097477365851
1091034143183339580
1091037689639338134
1091182867704459295
904336432733241355
1091269175789506592
1091271290335264849
1091267997953445898
1091260363502264321
1091192503648125101
1091185736314798091
1091264336460271617
1091250173818187796
1092472246846632066
282859044593598464
1091030411200712746
1091235201159548968
651095740390834176
1091232465940652072
771416697567313931
1091039294220673094
1091186824451465256
1091264822487822418
1091273101054066708
1091038132675297362
1091268859601883196
1091187133152239698
1091033774977974375
1090187397272195094
1091032841221058736
1091192074788929557
1091280256842878986
1091254151796756490
1091185421175758879
996612849495449600
1090444014278426655
1091272640171348018
1090798152610754650
1090799261190463569
1091031978016514098
1091269806008832071
1091038628257464350
1090794238008098977
1090489160877477888
1090625847397994548
1090742268266283049
1090791223926726717
1090724095471144970
1090781838278131924
1090620098278080625
1090792163660529755
1090725903610433586
1090741802518196256
1090781055453253722
1090783101749309470
1090621184728641668
1091193489259249777
1090788761304055878
1090626978169757696
1090625273097093240
1090725396007366696
1090488283450048658
1090447357398745190
1090722774345072670
1090788201586757792
1090449811616051240
1090744304722522123
1090786059299860500
1090785451834605710
1090621720169291806
1090624128421216266
1090787821972881520
1090489666328862781
1091273497839423509
1090488612371583049
1090724949951520868
1090787194337239100
1090792681053098036
1090786620162179072
1090624592550310048
1090796904826286143
1090722495633571873
1090784618090872892
1090727275995090944
1090745052483043358
1090794707229093932
1090798883388522518
